1
10
100
1000
1001
10024
10026
10028
1003
10035
10036
1004
10040
10043
10044
1005
10053
10055
10056
10058
1006
10061
10062
10063
10066
10068
10073
10077
10078
10081
10082
1009
10091
10096
10098
1010
10104
10107
10108
1011
1012
10132
10134
1014
10144
1015
1016
1018
1019
10196
1020
10209
1021
1023
1024
10254
10255
10259
1026
1027
10275
10277
10289
1029
10290
1030
10306
1031
10311
10312
10316
1032
1033
10331
10336
1034
1035
1036
10369
10370
10378
10392
10395
104
1040
10401
10402
10413
1042
10428
1043
1044
10443
1045
10452
1046
10471
10476
10477
1048
10485
10488
1049
10491
10496
10497
10499
105
10506
10509
1051
1052
10527
1053
10531
10540
10547
1055
1056
10562
10564
10565
10566
10569
1057
10577
1058
10581
10586
10590
10591
10602
1061
10611
10612
10626
10627
1063
10632
10634
10640
10642
10648
10649
1065
10652
10657
10658
10664
10666
10668
1067
10681
1069
107
1070
10700
10703
10705
1071
10715
10716
10717
10719
1072
10724
10726
10727
10728
10729
10730
10731
10736
10744
10748
1075
10759
1076
1077
10777
1078
10780
10781
1079
10791
10792
10793
10795
10796
108
10800
10804
10808
10813
10814
1082
10820
10822
10827
1083
10833
10835
10837
10838
1084
10843
10845
10852
10858
1086
10865
10866
10868
10869
1087
1088
10893
10896
109
1090
10900
10902
10903
1091
10912
10918
10919
10923
10924
10928
10930
10934
10935
10937
10939
10940
10944
1095
10957
10960
10963
10968
10969
10973
10977
10980
10981
10982
10987
10988
1099
10995
10997
10999
11
1100
11001
11004
11005
1101
11010
11013
11014
1102
11022
11023
11024
11025
11026
1103
11035
11036
11041
11042
11052
11055
11058
11059
1106
11060
11063
1107
11077
1108
11083
1109
11094
11095
11096
111
11104
1111
11111
11113
11115
11116
11117
11119
1112
11120
11121
11122
11123
11124
11128
1113
11130
1114
11149
1115
11152
11158
1116
11166
11168
1117
11172
11175
11176
11177
1118
11181
11184
11186
11187
1119
11195
11196
11197
11198
112
11201
11202
11203
11208
1121
11211
11212
11216
11218
11219
1122
11221
11222
11227
1123
11231
1124
11240
11242
11245
11248
11251
11257
1127
11273
11274
11275
11279
11284
11288
1129
11296
113
1130
11301
11307
1131
11315
11318
1132
11326
11328
11332
11337
1134
11349
1135
11350
11351
11355
11357
1136
11361
11365
11369
1137
11374
11375
11376
11379
1138
11382
11387
1139
11392
11396
11398
11399
114
1140
11400
11401
11405
11407
11415
11418
1142
11425
11429
1143
11430
11431
11433
11438
1144
11440
11441
11443
11445
11447
11449
11451
11453
11454
11455
11458
11460
11466
11469
11470
11471
11487
11488
1149
11490
11495
1150
11502
11505
11506
11509
1151
11513
11514
11515
11519
1152
11521
11524
11525
11526
11528
1153
11536
1154
11543
11545
11546
11549
1155
11550
11551
11553
11556
1156
11561
1157
11572
11574
11577
11578
1158
11580
11582
11583
11586
11589
1159
11590
11593
116
11607
11608
11613
11616
11617
11618
1162
11621
11624
11626
11631
11638
1164
11641
11643
11646
11649
1165
11650
11652
1166
1167
1168
1169
11707
11713
11714
11719
1172
11727
11731
11734
11735
11736
11739
1174
11744
1175
11754
11759
1176
11762
11763
11766
1177
11773
11777
11778
11779
11781
11784
11785
11787
1179
11791
118
1180
11803
11805
11806
11807
1181
11811
11813
11815
11817
11818
1182
11822
11824
1183
11831
11835
11838
1184
1185
11857
11868
11869
1187
11874
11883
11885
1189
11895
11897
119
11900
11910
11912
11914
11915
11916
11917
11918
11919
11926
11928
11929
1193
11934
11937
11938
1194
11940
11942
1195
11954
11958
1196
11962
11965
11966
11968
1197
11976
11977
1198
11980
11981
11987
11989
1199
11990
11994
11997
11998
12
120
1200
12000
12001
12002
12003
12005
12011
12018
12019
1202
12023
12027
1203
12047
12048
1205
12050
12052
12053
12054
12055
12056
12058
1206
12064
1207
12074
12075
1208
12081
12085
1209
12090
12094
12096
12098
1210
12111
12119
12126
12131
12132
12134
12135
12137
1214
12143
12144
12147
12148
1215
1216
12160
12161
12167
12168
12170
12171
12175
1218
12184
12186
12189
1219
12195
122
1220
12200
12201
12209
12219
1222
12221
12223
12224
12225
12229
12232
12236
12238
12245
12251
12254
12255
12256
12262
12264
12265
12268
12275
12276
12277
1228
12283
12285
12289
123
1230
12303
12314
12318
12319
1232
1233
12336
12353
12354
12356
12357
12359
12364
12368
12377
1238
12380
12384
12389
12392
12394
12397
12400
12406
12408
12409
12421
1243
12430
12431
12434
12437
1245
12450
12453
12455
12461
12462
12464
12469
12470
12473
12475
12478
1248
12485
12489
1249
12496
12498
1250
12500
12503
12507
12509
1251
12511
12514
1252
12526
12531
12534
12539
1254
12541
12543
12550
12554
12555
12556
12559
12561
12564
12566
12568
1257
1258
12581
12583
12589
1259
12596
126
1260
12600
12602
12603
12606
1261
12628
12629
1263
12631
12634
12637
12647
12650
12653
12656
12659
12662
12664
12665
12667
1267
12673
12674
12675
12676
12679
12680
12683
12685
12686
12689
12691
12692
12699
12701
12703
12705
12706
12718
1272
12726
12727
12729
1273
12736
12738
1274
12740
12741
12748
12750
12755
12761
12763
12764
12767
12768
12769
12771
12774
12779
1278
12785
12786
1279
12793
12797
12798
1280
12802
12805
12807
1281
12811
12812
12813
12817
12829
1283
12833
12834
12835
1284
12844
12845
12848
1285
12854
12856
1286
12865
12866
1287
12871
12873
1288
12880
12886
12887
1289
12893
12895
12896
12899
129
1290
12906
1292
12920
12922
12929
1293
12930
12940
12941
12949
1295
12950
12951
1296
12961
1297
12973
12976
1299
12993
12996
12998
13
1300
13000
13004
13005
13006
13016
13018
13025
13026
13027
1303
13041
13049
1305
13057
1306
1307
13077
13079
1308
13080
13083
13087
13088
1309
13096
1310
13101
13104
13111
13116
13118
1312
13121
13124
13125
13128
1313
13131
13134
13136
13138
1314
13141
13143
1315
13154
13155
13159
1316
13163
13166
13169
1317
13174
13175
13179
1318
1319
13195
1320
13204
1321
13211
13214
13215
13222
13223
13224
13225
13226
13229
13236
13239
1324
13241
13242
13248
1325
13251
13252
13256
13259
1326
13260
13262
13273
13275
13276
13277
13278
1328
13284
13286
13290
133
1330
13304
13315
13316
13318
13319
1332
13325
13328
13332
13335
13338
13339
1335
13354
13359
13366
13367
1337
13383
13385
13386
1339
13391
13392
134
1340
13403
13407
13412
13416
13423
13429
1343
13440
13448
13450
13458
1346
13460
13461
13466
1347
13473
13474
13477
13479
1349
13490
1350
13509
1351
13514
13517
13518
1352
13520
13530
13531
13534
13537
13538
1354
13554
13556
1356
13564
13578
13580
13582
13583
13585
13586
1359
13591
13599
1360
13605
1361
13612
13620
13627
1363
13630
13639
13644
13647
13648
1365
1366
13668
1367
13672
13675
1368
13680
13686
13690
137
1371
13714
1372
13722
13729
1373
13737
13738
1374
13740
13742
13744
13745
13747
13748
1375
13751
1377
13770
13775
13776
1378
1379
13791
13794
13795
13798
138
13800
13809
1381
13810
13814
13816
1382
13827
13830
13834
1384
13840
13844
1385
13859
13863
13864
13868
13869
13870
1388
13883
13885
1389
13898
1390
13900
1391
13917
13937
13938
1394
13948
13955
13959
1396
13960
1398
13980
13983
13993
13997
14
1401
14012
14018
1402
14025
14031
14034
1404
14044
1405
14050
14051
14052
14057
14067
1407
14072
14075
14079
14080
14085
14094
141
14103
14107
1411
1412
14125
1413
14130
14134
1415
14156
14159
1416
14164
14165
14166
14167
1417
14170
14171
14172
14173
14174
14176
14177
14179
1418
1419
14190
14191
142
1420
14200
14208
1421
14212
14214
14216
1422
14225
1423
14238
14239
1424
14240
14245
14248
1425
14250
14258
1426
14260
14261
14262
14265
14271
14274
14279
1428
14282
14285
14293
143
14307
14309
14317
14327
1433
14334
14339
14345
14347
14350
14352
14354
14363
14365
14366
14369
1437
14371
14372
14373
14374
1438
14385
14386
14387
14388
14389
1439
144
14404
14411
14412
14413
14415
1442
14422
1443
14430
14433
14436
14437
14439
1444
14442
14445
14449
14451
14452
14453
14455
1446
14462
14471
14473
14476
14481
14486
14490
14495
14496
14497
145
1450
14504
14505
14506
1451
14510
14511
14516
1452
14520
14525
1453
1454
14543
14545
1455
14553
14554
1456
1457
14571
1458
14589
1459
14591
14599
146
1460
14606
14607
1461
1462
14621
14624
14628
1463
14633
14634
1464
14640
1465
14654
14655
14658
14662
14669
1468
14685
14689
147
1470
14700
14705
1471
14712
1472
14733
14748
14749
1475
14750
1476
14764
1477
14793
14799
148
1480
14810
14811
1482
1483
1484
14846
1485
14859
1487
1489
14891
14897
14898
149
1490
14903
14911
1492
14925
1493
14931
14932
14938
1494
14951
1496
14964
14965
14974
14977
1498
14985
14989
1499
15
150
1501
1503
1504
1505
1506
1507
1508
1510
1511
1512
1514
1516
1517
1518
152
1521
1522
1523
1524
1525
1526
1527
1529
1530
1531
1533
1534
1535
1536
1537
1538
1539
154
1540
1541
1542
1546
1547
1548
1549
155
1550
1552
1555
156
1560
1561
1563
1564
1566
1567
1569
157
1570
1572
1574
1575
1576
1577
1579
158
1581
1583
1584
1589
159
1591
1592
16
160
1601
1602
1605
1606
1607
1615
1616
1617
1622
1627
1638
1645
1646
1649
1659
166
1662
1667
1670
1671
1673
1676
1677
168
1682
1683
1687
1690
1694
1695
1697
1706
1715
1716
1719
1724
1729
173
1730
1737
1739
1743
1744
1745
1748
1751
1753
1754
1759
176
1763
1764
1765
1767
1770
1771
1774
1777
1779
178
1781
1785
1793
1797
1798
1799
18
1800
1801
1802
1804
1811
1813
1815
1817
183
1833
1835
1838
1839
1840
185
1850
1851
1854
1858
1860
1865
1866
187
1870
1874
1879
188
1880
1887
1888
189
1895
190
1902
1903
1907
1908
1909
1910
1912
1913
1915
1917
1918
192
1924
1925
1929
1931
1936
1937
1939
1940
1943
1944
1947
1951
1954
1955
1956
1957
1958
1959
196
1960
1966
1968
1969
197
1970
1973
1974
1975
1977
1978
1981
1982
1984
1986
199
1990
1992
1993
1994
1997
1999
2
20
200
2002
2003
2004
2005
2006
2007
2011
2013
2018
202
2022
2024
2025
2026
2027
2028
2029
203
2030
2031
2032
2033
2034
2035
2038
2039
204
2040
2041
2042
2043
2044
2045
2046
2047
2048
205
2051
2053
2054
2055
206
2061
2062
2064
2067
207
2070
2072
2073
2074
2075
2076
208
2080
2083
2087
209
2094
2098
2099
21
210
2100
2101
2103
2106
211
2110
2115
2119
212
2121
2123
2124
2129
213
2130
2131
2132
2133
2136
2138
214
2140
2141
2142
2144
2147
2148
2150
2151
2156
2162
2164
2166
2167
2168
2169
217
2179
218
2180
2183
2184
2186
219
2192
2195
2196
2197
2198
2199
22
220
2200
2201
2202
2203
2205
2209
221
2210
2212
2213
2215
2216
2219
222
2220
2221
2222
2223
2224
2225
2226
2228
2229
2230
2231
2232
2235
2236
2238
2239
2240
2242
2243
2244
2245
2246
2248
2249
225
2250
2251
2253
2258
2259
226
2260
2261
2263
2265
2267
2268
2269
227
2270
2272
2273
2274
2275
2276
2279
228
2283
2284
2285
2286
2288
229
2291
2294
2295
2296
2299
23
230
2302
2303
2305
2307
2308
231
2310
2313
232
2322
2324
2325
2329
233
2331
2333
2334
2336
2338
2339
234
2340
2341
2342
2343
2344
2345
2346
2349
235
2350
2351
2354
2358
2359
2361
2362
2364
2365
2366
2367
237
2373
2377
2378
238
2380
2382
2383
2384
2385
2387
2388
239
2390
2391
2392
2396
2398
2399
24
240
2401
2404
2406
2407
241
2416
2418
242
2420
2421
2422
2423
2424
2425
243
2433
2434
2435
2438
244
2440
2441
2442
2443
2446
2447
2449
245
2452
2454
2455
2457
2458
2459
246
2460
2461
2463
2466
2468
247
2470
2471
2472
2473
2474
2477
2478
248
2484
2485
2486
2487
2489
249
2490
2491
2492
2493
2494
2497
2498
2499
25
250
2500
2501
2502
2503
2505
2506
2507
2508
251
2511
2512
2513
2514
2516
2518
2519
252
2521
2522
2523
2524
253
2531
2533
2535
2536
2537
2538
2539
2540
2544
2545
2546
2549
2550
2552
2553
2555
2556
2557
2558
2559
256
2561
2563
2564
2565
2566
2567
2568
2569
257
2570
2571
2572
2573
2574
2575
2576
2578
258
2580
2581
2582
2584
2588
2589
259
2590
2591
2593
2594
2595
2597
26
260
2601
2606
2607
2608
261
2613
2614
2615
262
2629
263
2630
2632
2635
2636
2637
264
2640
2641
2643
2644
2645
2646
2648
265
2650
2651
2652
2653
2655
2657
2658
2659
266
2661
2667
2668
2669
267
2671
2672
2673
2674
2675
2676
2677
2678
2679
268
2680
2681
2682
2683
2684
2686
2688
2689
269
2690
2691
2692
2693
2694
2696
2698
2699
27
270
2700
2701
2702
2703
2704
2709
271
2714
2715
2716
2718
2719
272
2720
2721
2724
2725
2726
2727
2728
2729
273
2730
2731
2732
2733
2734
2735
2736
2737
2739
274
2740
2741
2742
2744
2746
2747
2748
2749
275
2751
2754
2757
2758
2760
2762
2764
2765
2766
2767
2769
277
2770
2771
2774
2775
2779
2782
2783
2784
2785
2786
2787
279
2792
2793
2797
2798
28
280
2801
2804
2805
2807
2808
2809
281
2810
2815
2816
282
2820
2824
2828
2830
2831
2832
2833
2834
2835
2837
2838
2839
2844
2845
2846
2847
2848
2849
285
2850
2852
2854
2855
2856
2857
2858
286
2862
2863
2865
2869
287
2870
2871
2873
2875
2876
2877
2878
2879
288
2881
2882
2885
2886
2887
2888
289
2890
2891
2892
2893
2894
2896
2897
2899
29
290
2900
2903
2905
2906
2908
2909
291
2910
2911
2912
2913
2914
2916
292
2921
2923
2924
2925
2927
2928
2929
293
2930
2931
2932
2933
2934
2935
2941
2942
2943
2944
2947
2948
2949
2951
2953
2955
2956
2957
2959
2960
2965
2966
2971
2973
2974
2977
2978
2979
2982
2984
2985
2990
2991
2994
2995
2996
2997
2998
3
30
3005
3006
3008
3009
301
3010
3012
3015
3018
302
3021
3022
3023
3024
3025
3026
3027
3028
3030
3031
3032
3034
3035
3037
3041
3042
3044
3045
3046
3049
3050
3055
3056
3057
3058
306
3061
3063
3064
3065
3067
3069
307
3070
3072
3073
3074
3075
3076
3077
3078
308
3080
3081
3082
3083
3084
3085
3086
3087
3088
3089
309
3090
3091
3092
3093
3094
3095
3096
3097
3098
3099
31
3100
3101
3102
3103
3105
3106
3107
3109
311
3110
3111
3112
3113
3114
3116
3117
312
3121
3125
3127
3129
313
3132
3133
3136
3137
314
3146
3147
315
3150
3154
3155
3156
316
3160
3162
3163
3164
3165
3167
3168
3169
317
3170
3171
3172
3173
3174
3175
3177
3178
318
3180
3181
3182
3183
3187
3189
319
3193
3194
3195
3196
3197
3198
3199
32
320
3200
3201
3202
3203
3205
3206
3207
3209
321
3210
3211
3213
3214
3216
3217
3218
3219
322
3220
3221
3222
3223
3224
3225
3226
3229
323
3231
3233
3234
3237
3239
324
3240
3241
3242
3245
3247
3248
3249
325
3250
3251
3252
3253
3254
3255
3256
3259
326
3261
3264
3266
3267
3269
327
3270
3272
3279
328
3281
3283
3284
3285
3286
3288
3289
329
3291
3292
3293
3294
3295
3296
3297
3298
33
330
3301
3302
3303
3308
331
3310
3312
3313
3314
3315
3317
3319
332
3320
3321
3327
3329
333
3331
3333
3335
3337
3338
3339
334
3340
3344
3345
3346
3347
3349
335
3350
3351
3353
3354
3356
3357
3358
3359
336
3360
3364
3365
3367
3368
337
3372
3373
3375
3376
3377
3378
3379
3380
3381
3382
3383
3385
3386
339
3392
3393
3395
3397
3398
34
3403
3404
3405
3409
341
3411
3412
3418
3419
342
3422
3423
3424
3426
3428
343
3430
3431
3432
3434
344
3442
3443
3445
3448
345
3450
3451
3453
3457
3458
346
3460
3461
3462
3467
3468
347
3470
3473
3474
3475
3477
3479
348
3482
3483
3486
3487
3488
3489
349
3490
3491
3494
3495
3497
3498
3499
35
350
3503
3504
3505
3506
3509
351
3511
3513
3514
3515
3516
3517
3519
352
3520
3522
3523
3526
3527
3528
353
3532
3533
3534
3535
3536
3537
3538
3539
354
3544
3545
3546
3548
3549
355
3551
3553
3556
3557
3558
3559
356
3560
3561
3562
3564
3565
3567
357
3570
3571
3572
3574
3577
358
3580
3582
3583
3584
3585
3586
3587
3588
3589
359
3590
3591
3592
3593
3594
3595
3596
3599
36
360
3600
3602
3603
3604
3609
361
3612
3615
3616
3617
3618
3619
362
3621
3623
3624
3625
3627
3628
363
3630
3631
3633
3634
3638
364
3640
3641
3642
3644
3645
3647
3648
365
3650
3651
3653
3654
3655
3657
3658
3659
366
3661
3664
3665
3668
367
3671
3673
3674
3676
3679
368
3680
3683
3685
3687
3689
369
3693
3696
3698
3699
37
370
3701
3702
3703
3704
3706
3707
3708
3709
371
3710
3714
3715
3717
3718
372
3720
3722
3723
3725
3726
3727
3728
373
3731
3732
3734
3736
3737
374
3740
3742
3743
3744
3746
3747
3748
3749
375
3750
3751
3753
3759
376
3761
3767
3768
377
3770
3771
3772
3773
3775
3777
3778
378
3780
3781
3782
3783
3784
3785
379
3790
3791
3795
3796
3797
3799
38
3800
3801
3802
3803
3804
3805
3806
3808
381
3811
3812
3813
3814
3817
3818
3819
382
3822
3828
383
3835
3839
384
3840
3842
3843
3844
3845
3848
3849
385
3850
3852
3853
3854
3855
3857
3859
386
3861
3864
3867
3868
387
3870
3871
3872
3873
3874
3876
388
3882
3884
3885
3886
3887
3888
3889
389
3890
3892
3894
3895
3896
3897
39
390
3905
3906
3908
391
3910
3913
3916
3921
3922
3924
3929
393
3932
3935
3939
3942
3943
3944
3945
3947
3949
395
3951
3957
3958
3959
396
3961
3967
3968
3969
397
3970
3972
3973
3974
3975
3976
3978
398
3980
3985
3987
3989
399
3990
3993
3994
3995
3998
3999
4
40
400
4003
4005
4007
4009
401
4011
4015
4017
4018
4019
402
4021
4025
4028
4029
403
4030
4032
4036
4037
4038
4039
404
4040
4041
4043
4044
4045
4046
4047
405
4051
4057
4058
4059
406
4060
4064
4065
4066
4068
407
4071
4072
4076
4078
408
4080
4081
4084
4085
4086
4087
4088
4089
409
4090
4092
41
410
4100
411
4116
4118
4119
412
4125
4126
4127
4129
413
4130
4131
4133
4134
4135
4137
4139
414
4140
4142
4144
4145
4149
415
4150
4152
4153
4155
4156
416
4160
4162
4163
4165
4168
4170
4171
4172
4173
4174
4176
4178
418
4181
4182
4183
4184
4187
4189
419
4191
4194
4199
42
420
4200
4201
4204
4206
421
4210
4213
4218
4219
422
4221
4224
4225
423
4231
4232
4237
4239
424
4240
4241
425
4254
4259
426
427
4276
4277
4278
428
4280
429
4291
43
430
4300
4301
4303
4304
4305
431
4311
4316
4319
432
4320
4321
4325
4329
433
4335
4337
434
4341
4342
4346
4347
435
4351
4352
4355
436
4360
4367
437
4379
438
439
4396
4399
440
4400
441
4412
4413
442
443
4432
4438
4439
444
4440
445
4450
4452
4453
4454
4456
446
4460
4467
447
4477
4478
448
4489
449
4490
4492
4493
4498
4499
45
4501
4502
4503
4505
4507
4514
452
453
4530
4534
4537
4539
454
4540
4541
4542
4546
455
4559
4561
4564
457
4574
4575
4577
4584
4592
4593
4594
4599
46
4601
4605
4606
4608
4611
4612
4615
462
4622
4627
463
4634
4635
4636
4637
4638
464
4645
4649
4658
4659
466
4660
4667
467
4672
4677
468
4680
4681
4685
4686
469
4696
47
470
4702
4706
4707
471
4715
4716
4717
4718
4721
473
4730
4731
4741
4743
475
4751
476
4760
4763
4764
4768
477
4772
4773
4774
4777
478
4783
4785
4788
479
4790
4791
4793
4794
48
480
4801
4805
4807
481
4813
4819
482
4821
4822
4824
4828
483
4830
4831
4832
4833
4836
484
4841
4843
485
4856
486
4860
4863
4866
4868
4869
487
4870
4877
488
4886
4888
489
4891
4892
4893
4895
4897
4898
49
490
4904
4906
491
4913
4916
4917
4919
4921
4923
4924
4926
4928
493
4932
4937
4938
4940
4943
4944
4945
4947
4949
495
4950
4955
4963
4964
4969
4972
4974
498
4980
4981
4989
499
4990
4992
4993
4994
4998
5
50
5008
501
5010
5013
5014
5018
5019
502
5021
5026
503
5030
5031
5036
5038
504
5047
505
5051
5054
506
5060
5061
507
5071
5072
5081
5083
5085
5086
5089
5090
51
510
5100
5103
5104
5107
511
5111
5112
5114
5115
5118
512
5120
5122
5123
5126
5128
513
5130
5134
5136
5138
514
5140
5141
5142
5143
5145
5146
5148
515
5154
5159
516
5167
5168
5169
517
5171
5174
5176
5177
5178
5180
5181
5184
5186
519
5199
52
520
5200
5202
5206
5208
521
5216
522
523
5234
5236
5239
5240
5243
5244
5245
5249
525
5251
5252
5253
5254
5256
526
5261
5262
5268
527
5272
5274
5276
5277
528
5283
5289
529
5292
5297
5298
5299
53
530
5300
5303
5304
5312
5318
532
5326
533
534
5343
5345
5347
5349
535
5352
5353
5354
5355
5359
536
5361
5365
5368
5369
537
5371
5372
5377
5379
538
5384
539
5390
5391
5392
5393
5394
5398
54
540
5400
5401
5402
5405
5406
5407
5409
541
5411
5412
5413
5419
542
5421
5423
5424
5425
5429
543
5431
5432
5433
5434
5435
5436
5438
544
5440
5443
5445
5446
545
5450
5453
5454
5455
5456
5458
546
5460
5462
5464
5465
5466
547
5471
5472
5474
5475
5477
5478
5479
548
5481
5482
5483
5484
5485
5486
5487
5489
549
5491
5492
5493
5494
5498
5499
55
550
5500
5501
5503
5504
5507
551
5511
5512
5513
5517
552
5520
5521
5522
5523
5526
5527
5528
553
5530
5535
554
5540
5546
5549
555
5551
5552
5553
5555
5556
5559
556
5562
5563
557
5576
558
5587
5588
5589
559
5591
5592
56
560
5604
5608
5610
5615
5619
562
5626
5628
5629
563
5635
564
5643
5644
5645
5648
5649
565
5652
5656
5668
567
5672
5675
5677
568
5685
5686
5688
5689
569
57
570
5701
5706
5707
5712
5713
5716
5719
572
5727
5729
573
574
5745
575
5751
5766
577
5770
5773
5776
578
5781
5783
5784
5786
5789
579
5790
5791
5795
5799
58
580
5802
5803
5805
581
582
5825
583
5835
5837
5838
5839
5843
5844
5848
585
5851
5854
5859
586
5860
5861
5863
587
5871
5872
5873
5876
588
5880
5888
589
5896
5897
59
590
5901
5905
591
5910
5911
5917
5918
592
5920
5926
593
5931
5933
5935
5936
5937
594
5940
5947
5948
595
5952
5953
5954
5955
5959
596
5960
5965
5966
5967
5968
597
5971
5972
5976
598
5981
5983
5986
5987
599
5992
5999
6
60
600
6005
6006
6007
6008
601
6012
6014
6017
6019
602
6020
6021
6022
6028
603
6032
6036
6038
604
6040
6043
6046
605
6050
6056
6058
6059
606
6065
607
6071
6072
6074
6078
608
6081
6083
6085
6086
609
6095
61
610
6106
611
6110
6111
6112
6118
612
6120
6122
6123
6124
6129
613
6131
6137
6139
614
6143
6153
6158
616
6160
6161
6163
6164
6170
6173
6174
6175
6176
6177
6178
6179
618
6185
6186
6187
6188
619
6190
6191
6195
6196
6197
6199
62
620
6202
6204
6205
6206
6207
6209
621
6210
6211
6212
6214
6215
6217
622
6220
6222
6223
6224
6225
6226
6227
6228
6229
623
6232
6233
6235
6236
6239
624
6243
6245
6246
6247
6248
625
6250
6252
6254
6256
6259
626
6260
6262
6263
6266
6268
6269
627
6270
6272
6274
6276
6277
6278
6279
628
6282
6284
6286
6287
6288
6289
629
6290
6292
6294
6295
6296
6299
63
630
6301
6302
6305
6307
631
6312
6315
6316
6317
6318
6319
632
6320
6322
6324
6325
6326
6327
6328
633
6331
6335
6336
6338
6339
634
6340
6341
6345
6347
6348
6349
635
6351
6352
6353
6354
6355
6356
6357
636
6362
6363
6364
6365
6366
6367
6368
6369
637
6370
6371
6372
6373
6374
6378
638
6381
6382
6384
6387
6389
639
6392
6393
6399
64
640
6400
6401
6405
6406
6407
6408
6409
641
6414
6415
6416
6418
642
6420
6421
6423
6424
6426
6427
6428
643
6430
6432
6433
6435
6437
644
6440
6442
6443
6444
6446
6447
6448
6449
645
6450
6451
6452
6453
6455
6456
6457
6458
6460
6461
6462
6463
6464
6469
647
6471
6472
6477
6478
6479
648
6483
6488
649
6490
6493
6497
6498
6499
65
650
6503
6504
6506
6509
651
6510
6513
6514
6515
6516
6518
6519
652
6521
6523
6524
6525
6527
653
6532
6533
6535
6536
6538
654
6544
6548
655
6551
6555
6559
656
6563
6565
6567
657
6571
6572
6574
6578
6579
658
6581
6588
6589
659
6590
6593
6599
66
660
6601
6605
6606
6607
661
6618
6622
6624
6628
663
6630
6633
6636
6638
6639
664
6641
6643
6645
6646
6647
6649
665
6650
6651
6656
6657
6658
666
6660
6664
6666
6668
667
6676
668
6680
669
6690
6692
6693
6694
6695
67
670
6701
6703
6704
6705
6708
6709
671
6711
6714
6715
6716
6717
6719
672
6723
6724
6725
6727
673
6732
6733
6734
6735
6736
6738
6739
674
6740
6743
6747
675
6754
676
6763
6769
677
6771
6774
6776
6778
678
6780
6786
6787
679
6795
68
680
6802
6805
6806
681
6818
6819
682
6820
6823
6829
683
6838
684
6843
6846
6847
685
6851
6853
6854
686
6860
6864
6865
6867
687
6870
6871
6872
6876
688
6880
6885
6886
6887
6888
689
6890
6892
6899
69
690
691
6912
6916
6918
692
6922
6925
6928
693
6930
6933
6935
694
6944
6945
6947
6949
695
6950
6951
6955
6964
6966
6968
6969
697
6972
6973
6974
6976
698
6982
6987
6988
699
6993
6994
6995
7
70
700
7007
7008
701
7014
7017
7018
7019
702
7020
7022
7023
7026
703
7032
7033
704
7040
7043
7044
705
7050
7051
7052
7054
7056
7057
7058
706
7060
7063
7066
7067
7068
707
7070
7075
7078
708
7080
7081
7082
7084
7088
709
7091
7092
7093
7095
710
7100
7106
7109
711
7111
7112
7113
7114
7115
7116
712
7123
7124
7126
7128
713
7132
7133
7135
7136
7137
7139
714
7141
7143
7144
715
7150
7151
7152
7153
7154
7155
7156
7158
716
7161
7162
7163
7165
7166
7167
7168
7169
717
7173
7177
7178
7179
718
7181
7185
7190
7198
720
7206
7207
7208
7209
721
7210
7212
7213
7214
7215
7216
7217
7218
722
7221
7222
7223
7225
7226
7228
7229
723
7230
7231
7233
7234
7235
7236
724
7242
7243
7245
725
7254
7255
7256
7257
7258
7259
726
7260
7261
7262
7264
727
7270
7271
7272
7275
7276
7278
7279
728
7280
7283
7286
729
7290
7294
7295
7296
73
730
7301
7303
7308
7309
731
7310
7314
7317
732
7321
7330
734
735
7350
7356
7359
736
7360
7362
7365
737
7373
7379
738
7380
7381
7382
7384
7386
7387
7389
739
7390
7391
7394
7396
7398
74
7402
7405
7409
741
7413
7414
7415
742
7422
7424
7427
7428
7429
743
7430
7431
7432
7433
7434
7435
7438
7439
744
7442
7444
7445
7447
745
7461
7464
7467
7468
747
7470
7472
7475
7477
7479
748
7483
7484
7485
7488
749
7492
7493
7494
7495
7497
7499
75
750
7500
7501
7503
7505
7509
751
7510
7518
752
7521
7522
7523
7525
7528
7529
7534
7539
754
7540
7542
7543
7545
755
7550
7551
7552
7555
7557
7559
756
7560
7561
7563
7567
7569
757
7571
7579
758
7584
759
7591
7593
7596
7597
76
760
7600
7602
7603
7605
7610
7612
7613
7617
762
7620
7624
7626
763
7632
7634
764
7640
7644
7648
765
7650
7659
766
7661
7663
7665
7667
7669
767
7670
7674
7675
7676
7679
768
7680
7686
7688
769
7690
7692
7693
7694
7695
77
770
7700
7706
7707
7708
7709
771
7711
7717
7718
7719
772
7720
7723
7724
773
7731
7738
774
7741
7744
7745
7748
7749
775
7752
7753
7757
7758
776
7760
7767
777
7770
7772
7775
7778
778
7788
7789
779
7790
7795
7796
7799
780
7803
7804
7805
7809
781
7812
7815
7817
782
7821
7825
7826
7829
783
7830
7831
7835
7838
784
7842
7844
7845
785
7850
7851
7856
7857
786
7861
7864
7866
7868
787
7872
7874
7876
7877
7879
788
7881
7882
7885
7887
7888
7889
789
7891
7893
7894
7897
7898
79
790
7900
7901
7906
7908
7909
791
7914
7918
7919
792
7925
7926
7929
793
7930
7931
7932
7935
7936
794
7940
7941
7944
7947
7948
7949
795
7950
7951
7954
7957
796
7962
7969
797
7972
7973
7975
7977
7978
798
7981
7984
799
7991
7993
7998
8
800
8000
8003
8007
8008
8009
801
8010
8012
8016
8017
8019
802
8022
8023
8024
8025
8027
8029
803
8030
8031
8036
8037
804
8043
8044
8045
8046
8048
8049
805
8050
8051
8056
8058
806
8060
8063
8065
8067
8069
807
8072
8074
8078
8081
8082
8087
8089
8091
8092
8093
8094
8095
8096
81
8101
8103
8105
8107
811
8114
812
8127
813
8135
8136
8137
8138
814
8140
8149
815
8150
8151
8152
8157
8159
816
8161
8164
8165
8167
8168
817
8170
8172
8174
8177
8179
818
8181
8186
8187
819
8190
8191
8194
8195
82
820
8206
8207
8208
8209
8218
822
8222
8226
8228
823
8231
8237
8238
8241
8242
8244
8245
8248
8252
8253
8258
8259
826
8260
8265
8269
827
828
8286
8288
829
8295
8297
8298
83
830
831
8311
8313
8314
8316
8317
8318
8321
8327
833
8331
8339
8341
8342
8343
8346
8348
835
8358
8359
836
8360
8367
837
8370
838
8380
8382
8383
8385
839
8393
8394
8396
84
840
8401
8407
8408
841
8413
8418
842
843
8430
8433
8435
8438
8439
844
8440
8452
8457
8459
846
8470
8471
8472
8473
8474
8475
8476
8477
848
8480
8481
8482
8485
8486
8487
849
8498
8499
85
850
8503
8506
851
8512
8513
8516
852
8525
853
8530
8534
8535
8536
8537
8538
854
8540
8549
8550
8554
8556
8557
856
8561
8562
8565
8569
857
8570
8579
858
8580
8581
8583
8587
859
8590
8592
8594
86
860
8607
8608
8609
8611
8615
8617
8618
862
8624
8628
863
8635
8638
864
8643
8645
8646
8650
8651
8654
8663
8665
8668
867
8671
8673
8675
868
8680
8681
8682
8686
8688
869
8691
8696
8697
8698
87
870
8701
8702
8706
8707
8708
8716
8720
8721
8722
8729
8734
8735
8739
874
8740
8743
875
8750
8752
8755
876
8761
8766
877
8772
8774
8775
8779
878
8780
8781
8785
879
8793
8796
8799
88
8800
8803
8804
8809
881
8811
882
8829
883
8830
8833
884
885
8852
8855
886
8862
887
8872
8875
8877
8878
888
8882
8886
889
8891
8894
8896
8897
890
8902
891
8914
8916
8917
892
8920
8922
8925
8935
8939
894
8944
895
8951
8953
8955
8956
8958
896
897
899
8991
8993
8996
9
90
900
9002
9007
901
9019
902
9020
9027
903
904
9040
9041
9046
905
9055
9056
906
9068
907
9070
9077
908
9087
909
9097
91
910
9101
9104
911
9110
9111
9112
9118
912
9120
9128
913
9134
9135
9136
9137
914
9142
9143
9146
9148
9154
9164
9176
9177
918
9181
919
9192
92
920
9206
921
9210
9211
9218
922
9229
923
924
9240
9243
925
9257
926
9262
927
928
9285
9289
929
93
930
9300
9303
9315
9318
932
9329
933
9337
9338
934
9343
9345
9347
935
9350
9353
936
9360
9366
937
9379
938
9383
939
9397
940
941
9415
9419
942
9420
9421
9428
943
9437
9442
9447
945
9458
9459
946
9462
9463
947
9477
948
9486
9487
949
9491
9492
95
950
9502
9504
9513
9514
9515
9516
9523
9524
9528
953
9531
9534
9535
9536
9538
9539
954
955
9550
9555
9557
9559
956
9560
9561
9562
9577
9579
958
9580
9581
959
96
960
9604
9609
961
9625
9628
963
9634
9642
9646
966
9664
967
9672
9674
968
9684
9688
9689
969
9691
9693
9694
9696
9697
9699
97
970
9700
9702
9704
9707
971
9711
9713
972
9721
9724
973
9732
9733
9735
9739
974
9740
9743
9744
975
9752
9755
976
9760
9765
9767
977
9770
978
9784
9786
979
9794
9796
9797
98
980
9806
981
9815
9816
9819
982
983
9833
9834
984
985
9850
9851
9852
9856
986
9863
9865
987
9875
988
9885
9890
9894
9897
99
9902
9903
9906
9907
9909
991
9912
9915
9916
992
9921
9923
9925
9928
993
9933
9934
9935
9937
9939
994
995
9952
9953
9956
9957
996
9963
9965
9966
9967
9968
997
9976
998
9983
9987
999
9994
