10001
10004
10024
10026
10029
10032
10040
10043
10044
10053
10055
1006
10061
10063
10073
10085
10086
10091
10096
10104
10107
10118
1012
10144
10196
10199
1023
10272
10277
10289
10306
1037
10401
10402
10413
10415
10420
10427
10428
10437
10459
1046
10477
10487
10488
10506
1051
10510
10511
1053
10531
10547
1056
10561
10565
10593
10612
10626
10657
10666
1067
10691
10720
10730
10744
10748
10764
10791
10793
10805
10809
10812
1082
10826
10827
10833
10838
1086
10886
1091
10930
10942
10950
10968
10988
10997
10999
11004
11026
1103
11036
11053
11055
11059
11094
11113
1112
11128
1116
11168
11182
11184
1119
11196
11197
11214
11227
1124
11242
11245
11248
11251
11273
11274
11279
11284
11357
11369
11375
11378
11379
11392
11396
114
11400
11401
11404
11405
11407
11415
11418
11423
11425
11429
11447
11449
11451
11453
11469
11470
11471
11472
11478
11488
11502
11505
11506
11513
11514
11521
11536
11543
11545
11547
11549
1155
11553
11556
1156
11572
11574
11575
11577
11580
11583
11589
11590
11604
11610
11616
11617
11618
11621
11631
11635
11649
1167
11713
11714
11735
11736
11739
11744
1175
11760
11762
11787
1179
11792
11803
11805
11806
11807
11808
11813
11816
11817
11823
11831
11838
11850
11866
11868
11885
11895
11897
11900
11910
11912
11914
11915
11916
11918
11919
11926
11928
11929
11933
11934
11938
11946
11958
11968
11980
11981
11989
1200
12000
12003
12005
12006
12011
12019
1202
12023
12027
1203
12033
12049
1205
12050
12053
12054
12055
12058
12064
12074
12094
12111
12118
12119
12132
12142
12144
12148
1216
12160
12167
12168
12169
12184
12189
12193
12195
12215
12216
12219
12220
12221
12223
12224
12225
12229
12234
12235
12236
12244
12251
12254
12255
12262
12264
12265
12268
12274
12275
12276
12277
12289
1230
12314
12318
12324
12336
12339
12354
12355
12357
12358
12359
12370
12372
12377
1238
12382
12384
12392
12394
12397
12400
12401
12407
12408
12409
12418
12421
12430
12431
12432
12450
12451
12452
12453
12461
12463
12465
12469
12470
12475
12479
1248
12484
12489
12498
12507
12509
1251
12513
12514
12515
12535
12536
12541
12542
12543
12554
12555
12559
12560
12561
12564
12566
1258
12581
12583
12588
12589
1259
12591
12593
126
12603
12615
12628
12629
12642
12643
12647
1265
12656
12664
12665
12667
1267
12672
12673
12675
12676
12680
12683
12687
12689
12691
12699
12701
12711
12716
12718
12719
12729
1273
1274
12740
12741
12742
12745
12749
12750
12761
12763
12768
12769
12771
12774
12779
1278
12780
12789
12792
12793
12794
12795
12797
12798
1280
12805
1281
12812
12813
12817
12829
12833
12834
12835
12844
12846
12848
1285
12851
12866
12875
12876
12879
12883
12886
12887
1289
12893
12896
12899
12906
12907
12908
12910
12922
12927
12940
12949
1295
12952
12958
12961
12969
12973
12976
12987
1299
12995
12996
12998
13000
13009
13016
13017
13026
13029
13045
13047
13057
13058
13061
1308
13080
13085
13087
13096
13101
13104
13111
13116
13117
13118
13119
1312
13124
13128
1313
13134
13138
13139
13141
13155
13164
13175
13178
1318
13189
1319
13190
13191
13203
13204
13205
13210
13211
13214
13222
13226
13229
13239
13242
13243
13248
13258
13260
13262
13273
13275
13278
13290
13298
13302
13309
13312
13313
13315
13316
13318
1332
13325
13328
13335
13338
13339
13346
13352
13354
13359
13365
13366
13377
13382
13383
13385
13389
1339
13392
13401
13403
13407
13412
13416
13418
13423
13429
13435
13448
13450
13451
13458
13470
13473
13474
13477
13482
13490
13491
13509
13513
13518
13520
13530
13533
13534
13537
13538
13541
13544
13549
13556
1356
13561
13564
13577
13578
13580
13582
13583
13585
13586
13587
13588
13589
13591
13593
1361
13612
13618
13620
13621
13625
13626
1363
13630
13638
13639
13641
13647
13648
1366
13667
13671
13673
13675
13676
13690
13701
13702
13703
13704
13714
1372
13722
13736
1374
13740
13742
13744
13745
13747
13748
13753
13756
13766
13770
13775
13776
13792
13794
13795
13808
13809
13810
13811
13815
13816
13827
13828
13830
13840
13841
13842
13843
13844
13845
13854
13858
13859
13863
13864
13865
13866
13868
13869
13870
13883
13884
13885
13889
13898
13900
13902
1391
13913
13914
13915
13917
13924
13929
13931
13937
13938
13942
13944
13945
13948
13950
13955
13957
13959
13960
13966
13969
13971
13974
1398
13980
13982
13983
13984
13992
13993
13995
13997
13998
13999
14007
14008
14010
14015
14017
14018
14022
14025
14031
14033
14034
14038
14039
1404
14043
14044
14045
14049
1405
14050
14051
14053
14055
14057
14060
14061
14064
14066
14068
14072
14073
14075
14076
14079
14080
14084
14089
14090
14092
14094
14096
14103
14104
14107
1411
14113
14114
14118
14121
14122
14124
14125
14126
14127
14128
14130
14133
14134
14135
14140
14144
14145
14148
14149
14156
14159
14162
14164
14166
14167
1417
14170
14171
14172
14173
14177
14179
14181
14183
14191
14193
14197
14199
14205
14208
14211
14212
14216
14222
14223
1423
14238
14239
14240
14241
14244
14247
14248
14250
14255
14256
14258
14261
14265
14269
14272
14273
14274
14275
14284
14285
14288
1429
14292
14302
14303
14306
14307
14312
14313
14318
14319
14321
14322
14327
14330
14342
14344
14348
14349
14353
14354
14355
14356
14359
14361
14365
14366
14368
14369
14370
14371
14372
14373
14374
14377
14380
14382
14385
14387
14389
1439
14390
144
14402
14404
14406
14407
14411
14412
14413
14415
14416
14425
14427
1443
14431
14432
14437
14438
14439
1444
14441
14442
14443
14444
14445
14449
14452
14453
1446
14461
14467
14469
14476
14479
14487
14488
14490
14491
14496
14497
14503
14511
14513
14516
14518
14523
14525
14527
14528
14551
14559
14560
14565
14570
14576
14577
14578
1458
14589
1459
14590
14591
14594
14595
14597
14599
14600
14604
14607
14609
1461
14616
14618
1462
14620
14622
14624
14627
14628
14629
1463
14630
14633
14635
14636
14640
14646
1465
14652
14653
14657
14658
14662
14668
14671
1468
14685
14686
14687
14689
14691
14693
14694
14696
14702
14706
14708
14710
14712
14716
14719
1472
14722
14726
14730
14733
14741
14744
14746
14747
14749
14753
14757
14759
14760
14761
14764
14767
14768
14770
14771
14775
14777
14781
14787
14790
14793
14794
14800
14802
14803
14804
14805
14806
14808
14809
14812
14814
14815
14816
14820
14821
14824
14829
14831
14835
14838
14839
14842
14843
14846
14847
14848
14855
14856
14857
14858
14859
1486
14864
14865
14866
14867
14868
14869
14872
14873
14874
14876
14881
14883
14884
14885
14887
14888
14889
1489
14890
14891
14892
14894
14897
14898
14900
14902
14905
14906
14909
14910
14911
14914
14915
14916
14917
14918
14919
14920
14923
14924
14925
14926
14929
14934
14937
14944
14945
14946
14947
14948
14951
14952
14953
14954
14955
14956
14957
14958
14959
1496
14960
14961
14962
14963
14964
14965
14966
14968
14969
14970
14971
14972
14973
14974
14975
14976
14978
14979
14980
14984
14985
14986
14988
14991
14992
14996
14998
15000
15002
15004
15009
1501
15011
15013
15014
15018
15019
15021
15022
15024
15026
15031
15032
15033
15034
15035
15037
15038
15039
15040
15042
15045
15047
15048
15049
1505
15050
15052
15053
15054
15055
15059
15060
15067
15068
15071
15072
15073
15074
15075
15076
15077
15078
15079
1508
15081
15082
15083
15085
15086
15087
15088
15096
15097
15100
15101
15102
15103
15105
15106
15108
15109
15110
15111
15113
15114
15115
15116
15117
15118
15119
15121
15122
15123
15124
15127
15128
15129
15133
15134
15135
15136
15137
15138
15139
15140
15141
15146
15147
15148
15149
15150
15153
15154
15156
15157
15158
15159
15160
15162
15164
1522
1537
154
1544
1546
1547
155
1552
1556
1561
1563
1566
1567
1574
1576
1579
1583
1584
1589
1591
1592
1601
1602
1605
1614
1615
1622
1627
1634
1645
1652
1659
1662
1667
1673
1676
1690
1694
1706
1709
1715
1726
1730
1737
1739
1743
1744
1751
1753
1754
1759
1763
1767
1770
1771
1772
1777
178
1793
1801
181
1813
1815
183
1835
1836
1838
1840
1850
1854
186
1860
1865
1866
1870
1879
1880
1887
19
1902
1903
1907
1908
1909
1910
1912
1913
1917
1918
192
1924
1925
1929
1931
1936
1940
1944
1954
1960
1969
197
1972
1973
1975
1976
1978
1982
1983
1993
20
2002
2004
2005
2025
2026
2030
2031
2032
2034
2042
2043
2044
2047
2053
2054
2055
2068
2070
2074
208
2103
2120
2121
2123
2124
2131
2141
2144
2147
2148
2162
2164
2166
2183
2205
2213
2215
2219
222
2220
2229
2240
2244
2248
2251
2258
2270
2286
2291
230
2303
232
2320
2329
2338
2340
2342
2344
2354
2358
2362
2366
2373
2374
2377
2383
2384
2387
2390
2398
240
242
2425
2434
2435
2439
2442
2446
2453
2458
2460
2461
2463
2473
2477
2487
2489
2492
2494
2498
2502
2503
2507
2512
2514
2518
2519
2521
2533
2535
2536
2544
2545
2546
2549
2551
2553
2557
2573
2575
2576
2582
2584
261
262
2627
263
2633
264
2640
2643
2646
2648
2650
2667
267
268
2682
2684
269
2692
2693
2694
2695
2696
2699
2700
2701
2702
2703
2704
2730
2731
2732
2733
2736
2749
2751
2757
2762
2764
2785
279
2792
2793
2794
2796
2805
2827
2829
2830
2834
2837
2839
2843
2845
2846
2847
2852
2857
2858
2860
2862
2870
2877
2887
2888
2896
29
2903
2908
2909
2912
2913
2923
2925
2929
2932
2933
2935
2936
2943
2956
2957
2961
2968
2971
2974
2977
2979
2984
2990
2997
3
30
3008
3018
3022
3023
3024
3025
3026
3031
3036
3041
3042
3049
3050
3061
3063
3064
3065
3074
3078
3080
3082
3084
309
3092
3093
3095
3096
3098
31
3100
3106
3114
3117
3121
3123
3129
3133
314
3146
3147
315
3150
3160
3163
3164
3165
3168
3177
318
3180
3181
3182
3189
3199
32
3203
3207
3210
3214
3219
3229
323
3233
3239
3240
3241
3242
3245
3248
3252
3255
326
327
3271
3283
3286
3288
3292
3297
33
3302
3307
331
3310
3311
3314
3335
3351
3353
3354
3356
3368
3373
3377
3378
3380
3381
3386
3395
3407
342
3422
3423
343
344
3442
3450
3453
3457
3460
3470
348
3483
3486
3487
3491
35
350
3503
351
3513
3519
3539
3544
3557
3572
3584
3586
3587
3592
3593
3595
3596
36
3600
3601
3604
3607
3609
361
362
3627
3628
363
3633
3644
3647
3651
3661
3673
368
3708
3725
3731
3732
3736
3737
3761
3777
3780
3791
3795
3796
3808
3814
3839
3841
3843
3848
3861
3872
3884
3897
3905
3949
3959
3961
3967
3968
3969
397
3970
3980
3989
3994
40
4011
4017
402
403
404
4043
4044
4045
405
4051
4069
4073
4078
4084
4088
4100
4116
4119
4126
4145
4149
4156
4165
4181
4182
4202
4204
4206
4211
4213
4218
4221
4223
4224
4228
423
4231
423576
4241
426
4276
4280
42918
4300
4304
4316
4337
4346
436
4379
4396
4399
441
443
4438
445
4450
4453
4454
448
4489
4490
4493
45
4502
4507
4514
4530
4534
4539
4542
4575
4584
4592
4593
4594
4599
46
4608
4622
4635
4653
4657
4658
4659
466
4660
4662
4663
4665
4667
4669
468
4680
4685
470
4721
4730
4731
4741
4745
4751
476
4773
4785
479
4791
4793
4801
4805
4807
4818
4819
4820
4824
4845
4863
4869
4874
488
4886
4891
4897
4898
4906
4916
4919
493
4932
4939
4943
4945
495
4955
4958
4972
4980
4991
4992
4994
4995
5008
501
5019
5024
5026
5031
5036
5038
505
5051
5054
5060
5061
5070
5081
5086
5112
5114
5115
5122
5130
5133
5137
5140
5141
5142
5145
5146
515
5154
5167
5168
5171
5176
5178
5180
5181
5208
5234
5239
5249
525
5251
5253
5256
5261
5267
5277
5288
5297
530
5303
5312
5318
5331
5343
5349
535
5352
5359
536
5361
5372
5375
5377
538
5384
539
5391
5393
54
5405
5406
5409
541
5410
5412
5425
5427
5431
5432
5433
544
5443
5445
5456
546
5462
5482
5483
5485
5491
5492
5494
5498
550
5503
5504
5511
5513
5517
553
5532
5541
5556
5557
556
5588
560
5604
5610
562
5626
5635
5641
5642
5644
5645
5648
5649
5661
5668
5672
5674
5676
568
5697
5699
5701
5707
5712
5716
5720
5729
573
5745
5749
5765
5772
5776
5781
5786
5801
5805
5829
5835
5837
5838
5844
5851
587
5877
588
5880
5887
589
5910
5917
5918
5937
5940
5946
5947
595
5954
5959
5960
5966
5972
5976
5987
5988
5992
5993
5999
6007
6008
6010
6015
6016
6019
6020
6022
6032
6036
6038
6046
605
6052
6056
6059
606
6067
6078
6079
6081
6096
6099
6110
612
6124
6138
6153
6155
6158
6161
6173
6174
6176
6177
6179
6187
6188
619
6195
6204
6207
6208
6210
6214
6215
6217
6220
6224
6228
6235
6262
6266
6269
6290
6293
63
6306
6315
6320
6325
6332
6336
6338
6339
6353
6357
6362
6364
6369
6393
6399
6400
641
6410
6416
6427
6429
6435
644
645
6450
6453
6455
6457
6460
6462
6488
6497
6498
6499
650
6521
6523
6568
6571
6572
659
6592
6599
6605
6618
663
6649
6650
6657
6658
6660
6665
6666
6668
6676
6680
669
6692
6694
6695
6701
6703
6708
671
6716
6717
6723
6728
6732
6733
6735
6736
6738
6740
675
6754
6759
6769
6774
6778
6795
6805
6810
6819
6823
6829
6847
6851
6860
6864
6866
6867
6870
6876
6887
6888
6890
6892
6901
6904
6918
6925
6935
6941
6942
6947
6955
6964
6968
6974
6982
6988
6993
6995
7007
7013
7014
7017
7020
7027
7031
7038
7049
7051
7054
7056
7060
7061
7063
7066
7067
7075
7084
7088
7108
7116
7123
7128
7135
7136
7137
7141
7143
715
7150
7153
7156
7162
7163
7165
7167
7168
7177
7178
7181
7184
7185
7190
7207
7209
7221
7223
7225
7231
724
7257
7258
7259
7260
7262
7268
7269
7271
7275
7276
7293
7295
7296
7303
7308
7310
7311
7313
7321
7350
7365
7373
7375
7379
738
7380
7381
7394
7413
7414
7429
7432
7438
7461
7467
7468
747
7477
7486
7497
7499
7500
7505
7509
7518
7525
7539
754
7540
7543
7545
7551
7552
7557
7559
7560
7597
760
7620
7659
7668
7686
7694
7695
7700
7701
7708
7715
7717
773
7752
7772
7795
7796
7800
7804
7809
7821
7829
7831
7835
784
7842
7844
7848
7850
7854
7866
7868
7869
7882
7889
7894
7897
7903
7906
7930
7940
7949
7952
7969
7972
7973
8003
8009
8017
8023
8024
8025
8027
8031
8036
8037
8047
8050
8056
8060
8061
8081
8091
8107
8127
813
8135
8138
8141
8152
8157
8159
8164
8165
8167
8168
8187
8194
8195
8196
8207
8209
8210
8218
8228
823
8237
8241
8244
8245
8265
829
8295
8327
8343
835
8360
8380
8393
8418
843
8430
8459
8473
8475
8477
8481
8496
85
8506
8538
8539
8554
8556
856
8561
8567
858
8587
8592
8594
8617
8644
8645
865
8665
8680
8682
8686
8688
8701
8702
8720
8721
8734
8735
8739
8743
8772
8808
8811
8822
8829
883
884
8840
8855
8861
8875
8877
888
8916
8921
8922
8925
8935
8939
894
8951
8956
8958
8991
8996
900
9002
9013
9020
9022
9024
9030
9037
9039
9040
9041
9046
9049
9055
9061
9068
907
908
9089
909
9104
9110
9118
9119
9128
9135
9142
9154
9164
9177
918
9189
9232
9234
9240
9241
9257
9268
927
9285
930
9303
9315
9324
9329
9337
9338
9343
9345
9353
9360
9379
9386
9397
941
9421
943
9447
9458
9459
947
9477
9480
9491
9492
9502
9513
9515
9516
9531
9539
9544
955
9550
9560
9561
9562
960
9609
9611
9612
9620
9621
9625
9644
966
9672
9674
9688
9689
9691
9696
970
9700
9707
9713
9732
9733
9743
9752
9765
9768
977
9770
978
9786
9795
9816
9834
9848
9865
987
9885
9890
9900
9902
9903
991
9912
9915
9923
9928
9933
9939
9954
9956
9957
998
9984
9987
9994
