10001
10004
10029
10032
10085
10086
10118
10199
10272
1037
10415
10420
10427
10437
10459
10487
10510
10511
10561
10593
10691
10720
10764
10805
10809
10812
10826
10886
10942
10950
11053
11182
11214
11378
11404
11423
11472
11478
11547
11575
11604
11610
11635
11760
11792
11808
11816
11823
11850
11866
11933
11946
12006
12033
12049
12118
12142
12169
12193
12215
12216
12220
12234
12235
12244
12274
12324
12339
12355
12358
12370
12372
12382
12401
12407
12418
12432
12451
12452
12463
12465
12479
12484
12513
12515
12535
12536
12542
12560
12588
12591
12593
12615
12642
12643
1265
12672
12687
12711
12716
12719
12742
12745
12749
12780
12789
12792
12794
12795
12846
12851
12875
12876
12879
12883
12907
12908
12910
12927
12952
12958
12969
12987
12995
13009
13017
13029
13045
13047
13058
13061
13085
13117
13119
13139
13164
13178
13189
13190
13191
13203
13205
13210
13243
13258
13298
13302
13309
13312
13313
13346
13352
13365
13377
13382
13389
13401
13418
13435
13451
13470
13482
13491
13513
13533
13541
13544
13549
13561
13577
13587
13588
13589
13593
13618
13621
13625
13626
13638
13641
13667
13671
13673
13676
13701
13702
13703
13704
13736
13753
13756
13766
13792
13808
13811
13815
13828
13841
13842
13843
13845
13854
13858
13865
13866
13884
13889
13902
13913
13914
13915
13924
13929
13931
13942
13944
13945
13950
13957
13966
13969
13971
13974
13982
13984
13992
13995
13998
13999
14007
14008
14010
14015
14017
14022
14033
14038
14039
14043
14045
14049
14053
14055
14060
14061
14064
14066
14068
14073
14076
14084
14089
14090
14092
14096
14104
14113
14114
14118
14121
14122
14124
14126
14127
14128
14133
14135
14140
14144
14145
14148
14149
14162
14181
14183
14193
14197
14199
14205
14211
14222
14223
14241
14244
14247
14255
14256
14269
14272
14273
14275
14284
14288
1429
14292
14302
14303
14306
14312
14313
14318
14319
14321
14322
14330
14342
14344
14348
14349
14353
14355
14356
14359
14361
14368
14370
14377
14380
14382
14390
14402
14406
14407
14416
14425
14427
14431
14432
14438
14441
14443
14444
14461
14467
14469
14479
14487
14488
14491
14503
14513
14518
14523
14527
14528
14551
14559
14560
14565
14570
14576
14577
14578
14590
14594
14595
14597
14600
14604
14609
14616
14618
14620
14622
14627
14629
14630
14635
14636
14646
14652
14653
14657
14668
14671
14686
14687
14691
14693
14694
14696
14702
14706
14708
14710
14716
14719
14722
14726
14730
14741
14744
14746
14747
14753
14757
14759
14760
14761
14767
14768
14770
14771
14775
14777
14781
14787
14790
14794
14800
14802
14803
14804
14805
14806
14808
14809
14812
14814
14815
14816
14820
14821
14824
14829
14831
14835
14838
14839
14842
14843
14847
14848
14855
14856
14857
14858
1486
14864
14865
14866
14867
14868
14869
14872
14873
14874
14876
14881
14883
14884
14885
14887
14888
14889
14890
14892
14894
14900
14902
14905
14906
14909
14910
14914
14915
14916
14917
14918
14919
14920
14923
14924
14926
14929
14934
14937
14944
14945
14946
14947
14948
14952
14953
14954
14955
14956
14957
14958
14959
14960
14961
14962
14963
14966
14968
14969
14970
14971
14972
14973
14975
14976
14978
14979
14980
14984
14986
14988
14991
14992
14996
14998
15000
15002
15004
15009
15011
15013
15014
15018
15019
15021
15022
15024
15026
15031
15032
15033
15034
15035
15037
15038
15039
15040
15042
15045
15047
15048
15049
15050
15052
15053
15054
15055
15059
15060
15067
15068
15071
15072
15073
15074
15075
15076
15077
15078
15079
15081
15082
15083
15085
15086
15087
15088
15096
15097
15100
15101
15102
15103
15105
15106
15108
15109
15110
15111
15113
15114
15115
15116
15117
15118
15119
15121
15122
15123
15124
15127
15128
15129
15133
15134
15135
15136
15137
15138
15139
15140
15141
15146
15147
15148
15149
15150
15153
15154
15156
15157
15158
15159
15160
15162
15164
1544
1556
1614
1634
1652
1709
1726
1772
181
1836
186
19
1972
1976
1983
2068
2120
2320
2374
2439
2453
2551
2627
2633
2695
2794
2796
2827
2829
2843
2860
2936
2961
2968
3036
3123
3271
3307
3311
3407
3601
3607
3841
4069
4073
4202
4211
4223
4228
423576
42918
4653
4657
4662
4663
4665
4669
4745
4818
4820
4845
4874
4939
4958
4991
4995
5024
5070
5133
5137
5267
5288
5331
5375
5410
5427
5532
5541
5557
5641
5642
5661
5674
5676
5697
5699
5720
5749
5765
5772
5801
5829
5877
5887
5946
5988
5993
6010
6015
6016
6052
6067
6079
6096
6099
6138
6155
6208
6293
6306
6332
6410
6429
6568
6592
6665
6728
6759
6810
6866
6901
6904
6941
6942
7013
7027
7031
7038
7049
7061
7108
7184
7268
7269
7293
7311
7313
7375
7486
7668
7701
7715
7800
7848
7854
7869
7903
7952
8047
8061
8141
8196
8210
8496
8539
8567
8644
865
8808
8822
8840
8861
8921
9013
9022
9024
9030
9037
9039
9049
9061
9089
9119
9189
9232
9234
9241
9268
9324
9386
9480
9544
9611
9612
9620
9621
9644
9768
9795
9848
9900
9954
9984
