1
2
3
4
5
6
7
8
9
10
11
12
13
14
15
16
18
20
21
22
23
24
25
26
27
28
29
30
31
32
33
34
35
36
37
38
39
40
41
42
43
45
46
47
48
49
50
51
52
53
54
55
56
57
58
59
60
61
62
63
64
65
66
67
68
69
70
73
74
75
76
77
79
81
82
83
84
85
86
87
88
90
91
92
93
95
96
97
98
99
100
104
105
107
108
109
111
112
113
114
116
118
119
120
122
123
126
129
133
134
137
138
141
142
143
144
145
146
147
148
149
150
152
154
155
156
157
158
159
160
166
168
173
176
178
183
185
187
188
189
190
192
196
197
199
200
202
203
204
205
206
207
208
209
210
211
212
213
214
217
218
219
220
221
222
225
226
227
228
229
230
231
232
233
234
235
237
238
239
240
241
242
243
244
245
246
247
248
249
250
251
252
253
256
257
258
259
260
261
262
263
264
265
266
267
268
269
270
271
272
273
274
275
277
279
280
281
282
285
286
287
288
289
290
291
292
293
301
302
306
307
308
309
311
312
313
314
315
316
317
318
319
320
321
322
323
324
325
326
327
328
329
330
331
332
333
334
335
336
337
339
341
342
343
344
345
346
347
348
349
350
351
352
353
354
355
356
357
358
359
360
361
362
363
364
365
366
367
368
369
370
371
372
373
374
375
376
377
378
379
381
382
383
384
385
386
387
388
389
390
391
393
395
396
397
398
399
400
401
402
403
404
405
406
407
408
409
410
411
412
413
414
415
416
418
419
420
421
422
423
424
425
426
427
428
429
430
431
432
433
434
435
436
437
438
439
440
441
442
443
444
445
446
447
448
449
452
453
454
455
457
462
463
464
466
467
468
469
470
471
473
475
476
477
478
479
480
481
482
483
484
485
486
487
488
489
490
491
493
495
498
499
501
502
503
504
505
506
507
510
511
512
513
514
515
516
517
519
520
521
522
523
525
526
527
528
529
530
532
533
534
535
536
537
538
539
540
541
542
543
544
545
546
547
548
549
550
551
552
553
554
555
556
557
558
559
560
562
563
564
565
567
568
569
570
572
573
574
575
577
578
579
580
581
582
583
585
586
587
588
589
590
591
592
593
594
595
596
597
598
599
600
601
602
603
604
605
606
607
608
609
610
611
612
613
614
616
618
619
620
621
622
623
624
625
626
627
628
629
630
631
632
633
634
635
636
637
638
639
640
641
642
643
644
645
647
648
649
650
651
652
653
654
655
656
657
658
659
660
661
663
664
665
666
667
668
669
670
671
672
673
674
675
676
677
678
679
680
681
682
683
684
685
686
687
688
689
690
691
692
693
694
695
697
698
699
700
701
702
703
704
705
706
707
708
709
710
711
712
713
714
715
716
717
718
720
721
722
723
724
725
726
727
728
729
730
731
732
734
735
736
737
738
739
741
742
743
744
745
747
748
749
750
751
752
754
755
756
757
758
759
760
762
763
764
765
766
767
768
769
770
771
772
773
774
775
776
777
778
779
780
781
782
783
784
785
786
787
788
789
790
791
792
793
794
795
796
797
798
799
800
801
802
803
804
805
806
807
811
812
813
814
815
816
817
818
819
820
822
823
826
827
828
829
830
831
833
835
836
837
838
839
840
841
842
843
844
846
848
849
850
851
852
853
854
856
857
858
859
860
862
863
864
867
868
869
870
874
875
876
877
878
879
881
882
883
884
885
886
887
888
889
890
891
892
894
895
896
897
899
900
901
902
903
904
905
906
907
908
909
910
911
912
913
914
918
919
920
921
922
923
924
925
926
927
928
929
930
932
933
934
935
936
937
938
939
940
941
942
943
945
946
947
948
949
950
953
954
955
956
958
959
960
961
963
966
967
968
969
970
971
972
973
974
975
976
977
978
979
980
981
982
983
984
985
986
987
988
991
992
993
994
995
996
997
998
999
1000
1001
1003
1004
1005
1006
1009
1010
1011
1012
1014
1015
1016
1018
1019
1020
1021
1023
1024
1026
1027
1029
1030
1031
1032
1033
1034
1035
1036
1040
1042
1043
1044
1045
1046
1048
1049
1051
1052
1053
1055
1056
1057
1058
1061
1063
1065
1067
1069
1070
1071
1072
1075
1076
1077
1078
1079
1082
1083
1084
1086
1087
1088
1090
1091
1095
1099
1100
1101
1102
1103
1106
1107
1108
1109
1111
1112
1113
1114
1115
1116
1117
1118
1119
1121
1122
1123
1124
1127
1129
1130
1131
1132
1134
1135
1136
1137
1138
1139
1140
1142
1143
1144
1149
1150
1151
1152
1153
1154
1155
1156
1157
1158
1159
1162
1164
1165
1166
1167
1168
1169
1172
1174
1175
1176
1177
1179
1180
1181
1182
1183
1184
1185
1187
1189
1193
1194
1195
1196
1197
1198
1199
1200
1202
1203
1205
1206
1207
1208
1209
1210
1214
1215
1216
1218
1219
1220
1222
1228
1230
1232
1233
1238
1243
1245
1248
1249
1250
1251
1252
1254
1257
1258
1259
1260
1261
1263
1267
1272
1273
1274
1278
1279
1280
1281
1283
1284
1285
1286
1287
1288
1289
1290
1292
1293
1295
1296
1297
1299
1300
1303
1305
1306
1307
1308
1309
1310
1312
1313
1314
1315
1316
1317
1318
1319
1320
1321
1324
1325
1326
1328
1330
1332
1335
1337
1339
1340
1343
1346
1347
1349
1350
1351
1352
1354
1356
1359
1360
1361
1363
1365
1366
1367
1368
1371
1372
1373
1374
1375
1377
1378
1379
1381
1382
1384
1385
1388
1389
1390
1391
1394
1396
1398
1401
1402
1404
1405
1407
1411
1412
1413
1415
1416
1417
1418
1419
1420
1421
1422
1423
1424
1425
1426
1428
1433
1437
1438
1439
1442
1443
1444
1446
1450
1451
1452
1453
1454
1455
1456
1457
1458
1459
1460
1461
1462
1463
1464
1465
1468
1470
1471
1472
1475
1476
1477
1480
1482
1483
1484
1485
1487
1489
1490
1492
1493
1494
1496
1498
1499
1501
1503
1504
1505
1506
1507
1508
1510
1511
1512
1514
1516
1517
1518
1521
1522
1523
1524
1525
1526
1527
1529
1530
1531
1533
1534
1535
1536
1537
1538
1539
1540
1541
1542
1546
1547
1548
1549
1550
1552
1555
1560
1561
1563
1564
1566
1567
1569
1570
1572
1574
1575
1576
1577
1579
1581
1583
1584
1589
1591
1592
1601
1602
1605
1606
1607
1615
1616
1617
1622
1627
1638
1645
1646
1649
1659
1662
1667
1670
1671
1673
1676
1677
1682
1683
1687
1690
1694
1695
1697
1706
1715
1716
1719
1724
1729
1730
1737
1739
1743
1744
1745
1748
1751
1753
1754
1759
1763
1764
1765
1767
1770
1771
1774
1777
1779
1781
1785
1793
1797
1798
1799
1800
1801
1802
1804
1811
1813
1815
1817
1833
1835
1838
1839
1840
1850
1851
1854
1858
1860
1865
1866
1870
1874
1879
1880
1887
1888
1895
1902
1903
1907
1908
1909
1910
1912
1913
1915
1917
1918
1924
1925
1929
1931
1936
1937
1939
1940
1943
1944
1947
1951
1954
1955
1956
1957
1958
1959
1960
1966
1968
1969
1970
1973
1974
1975
1977
1978
1981
1982
1984
1986
1990
1992
1993
1994
1997
1999
2002
2003
2004
2005
2006
2007
2011
2013
2018
2022
2024
2025
2026
2027
2028
2029
2030
2031
2032
2033
2034
2035
2038
2039
2040
2041
2042
2043
2044
2045
2046
2047
2048
2051
2053
2054
2055
2061
2062
2064
2067
2070
2072
2073
2074
2075
2076
2080
2083
2087
2094
2098
2099
2100
2101
2103
2106
2110
2115
2119
2121
2123
2124
2129
2130
2131
2132
2133
2136
2138
2140
2141
2142
2144
2147
2148
2150
2151
2156
2162
2164
2166
2167
2168
2169
2179
2180
2183
2184
2186
2192
2195
2196
2197
2198
2199
2200
2201
2202
2203
2205
2209
2210
2212
2213
2215
2216
2219
2220
2221
2222
2223
2224
2225
2226
2228
2229
2230
2231
2232
2235
2236
2238
2239
2240
2242
2243
2244
2245
2246
2248
2249
2250
2251
2253
2258
2259
2260
2261
2263
2265
2267
2268
2269
2270
2272
2273
2274
2275
2276
2279
2283
2284
2285
2286
2288
2291
2294
2295
2296
2299
2302
2303
2305
2307
2308
2310
2313
2322
2324
2325
2329
2331
2333
2334
2336
2338
2339
2340
2341
2342
2343
2344
2345
2346
2349
2350
2351
2354
2358
2359
2361
2362
2364
2365
2366
2367
2373
2377
2378
2380
2382
2383
2384
2385
2387
2388
2390
2391
2392
2396
2398
2399
2401
2404
2406
2407
2416
2418
2420
2421
2422
2423
2424
2425
2433
2434
2435
2438
2440
2441
2442
2443
2446
2447
2449
2452
2454
2455
2457
2458
2459
2460
2461
2463
2466
2468
2470
2471
2472
2473
2474
2477
2478
2484
2485
2486
2487
2489
2490
2491
2492
2493
2494
2497
2498
2499
2500
2501
2502
2503
2505
2506
2507
2508
2511
2512
2513
2514
2516
2518
2519
2521
2522
2523
2524
2531
2533
2535
2536
2537
2538
2539
2540
2544
2545
2546
2549
2550
2552
2553
2555
2556
2557
2558
2559
2561
2563
2564
2565
2566
2567
2568
2569
2570
2571
2572
2573
2574
2575
2576
2578
2580
2581
2582
2584
2588
2589
2590
2591
2593
2594
2595
2597
2601
2606
2607
2608
2613
2614
2615
2629
2630
2632
2635
2636
2637
2640
2641
2643
2644
2645
2646
2648
2650
2651
2652
2653
2655
2657
2658
2659
2661
2667
2668
2669
2671
2672
2673
2674
2675
2676
2677
2678
2679
2680
2681
2682
2683
2684
2686
2688
2689
2690
2691
2692
2693
2694
2696
2698
2699
2700
2701
2702
2703
2704
2709
2714
2715
2716
2718
2719
2720
2721
2724
2725
2726
2727
2728
2729
2730
2731
2732
2733
2734
2735
2736
2737
2739
2740
2741
2742
2744
2746
2747
2748
2749
2751
2754
2757
2758
2760
2762
2764
2765
2766
2767
2769
2770
2771
2774
2775
2779
2782
2783
2784
2785
2786
2787
2792
2793
2797
2798
2801
2804
2805
2807
2808
2809
2810
2815
2816
2820
2824
2828
2830
2831
2832
2833
2834
2835
2837
2838
2839
2844
2845
2846
2847
2848
2849
2850
2852
2854
2855
2856
2857
2858
2862
2863
2865
2869
2870
2871
2873
2875
2876
2877
2878
2879
2881
2882
2885
2886
2887
2888
2890
2891
2892
2893
2894
2896
2897
2899
2900
2903
2905
2906
2908
2909
2910
2911
2912
2913
2914
2916
2921
2923
2924
2925
2927
2928
2929
2930
2931
2932
2933
2934
2935
2941
2942
2943
2944
2947
2948
2949
2951
2953
2955
2956
2957
2959
2960
2965
2966
2971
2973
2974
2977
2978
2979
2982
2984
2985
2990
2991
2994
2995
2996
2997
2998
3005
3006
3008
3009
3010
3012
3015
3018
3021
3022
3023
3024
3025
3026
3027
3028
3030
3031
3032
3034
3035
3037
3041
3042
3044
3045
3046
3049
3050
3055
3056
3057
3058
3061
3063
3064
3065
3067
3069
3070
3072
3073
3074
3075
3076
3077
3078
3080
3081
3082
3083
3084
3085
3086
3087
3088
3089
3090
3091
3092
3093
3094
3095
3096
3097
3098
3099
3100
3101
3102
3103
3105
3106
3107
3109
3110
3111
3112
3113
3114
3116
3117
3121
3125
3127
3129
3132
3133
3136
3137
3146
3147
3150
3154
3155
3156
3160
3162
3163
3164
3165
3167
3168
3169
3170
3171
3172
3173
3174
3175
3177
3178
3180
3181
3182
3183
3187
3189
3193
3194
3195
3196
3197
3198
3199
3200
3201
3202
3203
3205
3206
3207
3209
3210
3211
3213
3214
3216
3217
3218
3219
3220
3221
3222
3223
3224
3225
3226
3229
3231
3233
3234
3237
3239
3240
3241
3242
3245
3247
3248
3249
3250
3251
3252
3253
3254
3255
3256
3259
3261
3264
3266
3267
3269
3270
3272
3279
3281
3283
3284
3285
3286
3288
3289
3291
3292
3293
3294
3295
3296
3297
3298
3301
3302
3303
3308
3310
3312
3313
3314
3315
3317
3319
3320
3321
3327
3329
3331
3333
3335
3337
3338
3339
3340
3344
3345
3346
3347
3349
3350
3351
3353
3354
3356
3357
3358
3359
3360
3364
3365
3367
3368
3372
3373
3375
3376
3377
3378
3379
3380
3381
3382
3383
3385
3386
3392
3393
3395
3397
3398
3403
3404
3405
3409
3411
3412
3418
3419
3422
3423
3424
3426
3428
3430
3431
3432
3434
3442
3443
3445
3448
3450
3451
3453
3457
3458
3460
3461
3462
3467
3468
3470
3473
3474
3475
3477
3479
3482
3483
3486
3487
3488
3489
3490
3491
3494
3495
3497
3498
3499
3503
3504
3505
3506
3509
3511
3513
3514
3515
3516
3517
3519
3520
3522
3523
3526
3527
3528
3532
3533
3534
3535
3536
3537
3538
3539
3544
3545
3546
3548
3549
3551
3553
3556
3557
3558
3559
3560
3561
3562
3564
3565
3567
3570
3571
3572
3574
3577
3580
3582
3583
3584
3585
3586
3587
3588
3589
3590
3591
3592
3593
3594
3595
3596
3599
3600
3602
3603
3604
3609
3612
3615
3616
3617
3618
3619
3621
3623
3624
3625
3627
3628
3630
3631
3633
3634
3638
3640
3641
3642
3644
3645
3647
3648
3650
3651
3653
3654
3655
3657
3658
3659
3661
3664
3665
3668
3671
3673
3674
3676
3679
3680
3683
3685
3687
3689
3693
3696
3698
3699
3701
3702
3703
3704
3706
3707
3708
3709
3710
3714
3715
3717
3718
3720
3722
3723
3725
3726
3727
3728
3731
3732
3734
3736
3737
3740
3742
3743
3744
3746
3747
3748
3749
3750
3751
3753
3759
3761
3767
3768
3770
3771
3772
3773
3775
3777
3778
3780
3781
3782
3783
3784
3785
3790
3791
3795
3796
3797
3799
3800
3801
3802
3803
3804
3805
3806
3808
3811
3812
3813
3814
3817
3818
3819
3822
3828
3835
3839
3840
3842
3843
3844
3845
3848
3849
3850
3852
3853
3854
3855
3857
3859
3861
3864
3867
3868
3870
3871
3872
3873
3874
3876
3882
3884
3885
3886
3887
3888
3889
3890
3892
3894
3895
3896
3897
3905
3906
3908
3910
3913
3916
3921
3922
3924
3929
3932
3935
3939
3942
3943
3944
3945
3947
3949
3951
3957
3958
3959
3961
3967
3968
3969
3970
3972
3973
3974
3975
3976
3978
3980
3985
3987
3989
3990
3993
3994
3995
3998
3999
4003
4005
4007
4009
4011
4015
4017
4018
4019
4021
4025
4028
4029
4030
4032
4036
4037
4038
4039
4040
4041
4043
4044
4045
4046
4047
4051
4057
4058
4059
4060
4064
4065
4066
4068
4071
4072
4076
4078
4080
4081
4084
4085
4086
4087
4088
4089
4090
4092
4100
4116
4118
4119
4125
4126
4127
4129
4130
4131
4133
4134
4135
4137
4139
4140
4142
4144
4145
4149
4150
4152
4153
4155
4156
4160
4162
4163
4165
4168
4170
4171
4172
4173
4174
4176
4178
4181
4182
4183
4184
4187
4189
4191
4194
4199
4200
4201
4204
4206
4210
4213
4218
4219
4221
4224
4225
4231
4232
4237
4239
4240
4241
4254
4259
4276
4277
4278
4280
4291
4300
4301
4303
4304
4305
4311
4316
4319
4320
4321
4325
4329
4335
4337
4341
4342
4346
4347
4351
4352
4355
4360
4367
4379
4396
4399
4400
4412
4413
4432
4438
4439
4440
4450
4452
4453
4454
4456
4460
4467
4477
4478
4489
4490
4492
4493
4498
4499
4501
4502
4503
4505
4507
4514
4530
4534
4537
4539
4540
4541
4542
4546
4559
4561
4564
4574
4575
4577
4584
4592
4593
4594
4599
4601
4605
4606
4608
4611
4612
4615
4622
4627
4634
4635
4636
4637
4638
4645
4649
4658
4659
4660
4667
4672
4677
4680
4681
4685
4686
4696
4702
4706
4707
4715
4716
4717
4718
4721
4730
4731
4741
4743
4751
4760
4763
4764
4768
4772
4773
4774
4777
4783
4785
4788
4790
4791
4793
4794
4801
4805
4807
4813
4819
4821
4822
4824
4828
4830
4831
4832
4833
4836
4841
4843
4856
4860
4863
4866
4868
4869
4870
4877
4886
4888
4891
4892
4893
4895
4897
4898
4904
4906
4913
4916
4917
4919
4921
4923
4924
4926
4928
4932
4937
4938
4940
4943
4944
4945
4947
4949
4950
4955
4963
4964
4969
4972
4974
4980
4981
4989
4990
4992
4993
4994
4998
5008
5010
5013
5014
5018
5019
5021
5026
5030
5031
5036
5038
5047
5051
5054
5060
5061
5071
5072
5081
5083
5085
5086
5089
5090
5100
5103
5104
5107
5111
5112
5114
5115
5118
5120
5122
5123
5126
5128
5130
5134
5136
5138
5140
5141
5142
5143
5145
5146
5148
5154
5159
5167
5168
5169
5171
5174
5176
5177
5178
5180
5181
5184
5186
5199
5200
5202
5206
5208
5216
5234
5236
5239
5240
5243
5244
5245
5249
5251
5252
5253
5254
5256
5261
5262
5268
5272
5274
5276
5277
5283
5289
5292
5297
5298
5299
5300
5303
5304
5312
5318
5326
5343
5345
5347
5349
5352
5353
5354
5355
5359
5361
5365
5368
5369
5371
5372
5377
5379
5384
5390
5391
5392
5393
5394
5398
5400
5401
5402
5405
5406
5407
5409
5411
5412
5413
5419
5421
5423
5424
5425
5429
5431
5432
5433
5434
5435
5436
5438
5440
5443
5445
5446
5450
5453
5454
5455
5456
5458
5460
5462
5464
5465
5466
5471
5472
5474
5475
5477
5478
5479
5481
5482
5483
5484
5485
5486
5487
5489
5491
5492
5493
5494
5498
5499
5500
5501
5503
5504
5507
5511
5512
5513
5517
5520
5521
5522
5523
5526
5527
5528
5530
5535
5540
5546
5549
5551
5552
5553
5555
5556
5559
5562
5563
5576
5587
5588
5589
5591
5592
5604
5608
5610
5615
5619
5626
5628
5629
5635
5643
5644
5645
5648
5649
5652
5656
5668
5672
5675
5677
5685
5686
5688
5689
5701
5706
5707
5712
5713
5716
5719
5727
5729
5745
5751
5766
5770
5773
5776
5781
5783
5784
5786
5789
5790
5791
5795
5799
5802
5803
5805
5825
5835
5837
5838
5839
5843
5844
5848
5851
5854
5859
5860
5861
5863
5871
5872
5873
5876
5880
5888
5896
5897
5901
5905
5910
5911
5917
5918
5920
5926
5931
5933
5935
5936
5937
5940
5947
5948
5952
5953
5954
5955
5959
5960
5965
5966
5967
5968
5971
5972
5976
5981
5983
5986
5987
5992
5999
6005
6006
6007
6008
6012
6014
6017
6019
6020
6021
6022
6028
6032
6036
6038
6040
6043
6046
6050
6056
6058
6059
6065
6071
6072
6074
6078
6081
6083
6085
6086
6095
6106
6110
6111
6112
6118
6120
6122
6123
6124
6129
6131
6137
6139
6143
6153
6158
6160
6161
6163
6164
6170
6173
6174
6175
6176
6177
6178
6179
6185
6186
6187
6188
6190
6191
6195
6196
6197
6199
6202
6204
6205
6206
6207
6209
6210
6211
6212
6214
6215
6217
6220
6222
6223
6224
6225
6226
6227
6228
6229
6232
6233
6235
6236
6239
6243
6245
6246
6247
6248
6250
6252
6254
6256
6259
6260
6262
6263
6266
6268
6269
6270
6272
6274
6276
6277
6278
6279
6282
6284
6286
6287
6288
6289
6290
6292
6294
6295
6296
6299
6301
6302
6305
6307
6312
6315
6316
6317
6318
6319
6320
6322
6324
6325
6326
6327
6328
6331
6335
6336
6338
6339
6340
6341
6345
6347
6348
6349
6351
6352
6353
6354
6355
6356
6357
6362
6363
6364
6365
6366
6367
6368
6369
6370
6371
6372
6373
6374
6378
6381
6382
6384
6387
6389
6392
6393
6399
6400
6401
6405
6406
6407
6408
6409
6414
6415
6416
6418
6420
6421
6423
6424
6426
6427
6428
6430
6432
6433
6435
6437
6440
6442
6443
6444
6446
6447
6448
6449
6450
6451
6452
6453
6455
6456
6457
6458
6460
6461
6462
6463
6464
6469
6471
6472
6477
6478
6479
6483
6488
6490
6493
6497
6498
6499
6503
6504
6506
6509
6510
6513
6514
6515
6516
6518
6519
6521
6523
6524
6525
6527
6532
6533
6535
6536
6538
6544
6548
6551
6555
6559
6563
6565
6567
6571
6572
6574
6578
6579
6581
6588
6589
6590
6593
6599
6601
6605
6606
6607
6618
6622
6624
6628
6630
6633
6636
6638
6639
6641
6643
6645
6646
6647
6649
6650
6651
6656
6657
6658
6660
6664
6666
6668
6676
6680
6690
6692
6693
6694
6695
6701
6703
6704
6705
6708
6709
6711
6714
6715
6716
6717
6719
6723
6724
6725
6727
6732
6733
6734
6735
6736
6738
6739
6740
6743
6747
6754
6763
6769
6771
6774
6776
6778
6780
6786
6787
6795
6802
6805
6806
6818
6819
6820
6823
6829
6838
6843
6846
6847
6851
6853
6854
6860
6864
6865
6867
6870
6871
6872
6876
6880
6885
6886
6887
6888
6890
6892
6899
6912
6916
6918
6922
6925
6928
6930
6933
6935
6944
6945
6947
6949
6950
6951
6955
6964
6966
6968
6969
6972
6973
6974
6976
6982
6987
6988
6993
6994
6995
7007
7008
7014
7017
7018
7019
7020
7022
7023
7026
7032
7033
7040
7043
7044
7050
7051
7052
7054
7056
7057
7058
7060
7063
7066
7067
7068
7070
7075
7078
7080
7081
7082
7084
7088
7091
7092
7093
7095
7100
7106
7109
7111
7112
7113
7114
7115
7116
7123
7124
7126
7128
7132
7133
7135
7136
7137
7139
7141
7143
7144
7150
7151
7152
7153
7154
7155
7156
7158
7161
7162
7163
7165
7166
7167
7168
7169
7173
7177
7178
7179
7181
7185
7190
7198
7206
7207
7208
7209
7210
7212
7213
7214
7215
7216
7217
7218
7221
7222
7223
7225
7226
7228
7229
7230
7231
7233
7234
7235
7236
7242
7243
7245
7254
7255
7256
7257
7258
7259
7260
7261
7262
7264
7270
7271
7272
7275
7276
7278
7279
7280
7283
7286
7290
7294
7295
7296
7301
7303
7308
7309
7310
7314
7317
7321
7330
7350
7356
7359
7360
7362
7365
7373
7379
7380
7381
7382
7384
7386
7387
7389
7390
7391
7394
7396
7398
7402
7405
7409
7413
7414
7415
7422
7424
7427
7428
7429
7430
7431
7432
7433
7434
7435
7438
7439
7442
7444
7445
7447
7461
7464
7467
7468
7470
7472
7475
7477
7479
7483
7484
7485
7488
7492
7493
7494
7495
7497
7499
7500
7501
7503
7505
7509
7510
7518
7521
7522
7523
7525
7528
7529
7534
7539
7540
7542
7543
7545
7550
7551
7552
7555
7557
7559
7560
7561
7563
7567
7569
7571
7579
7584
7591
7593
7596
7597
7600
7602
7603
7605
7610
7612
7613
7617
7620
7624
7626
7632
7634
7640
7644
7648
7650
7659
7661
7663
7665
7667
7669
7670
7674
7675
7676
7679
7680
7686
7688
7690
7692
7693
7694
7695
7700
7706
7707
7708
7709
7711
7717
7718
7719
7720
7723
7724
7731
7738
7741
7744
7745
7748
7749
7752
7753
7757
7758
7760
7767
7770
7772
7775
7778
7788
7789
7790
7795
7796
7799
7803
7804
7805
7809
7812
7815
7817
7821
7825
7826
7829
7830
7831
7835
7838
7842
7844
7845
7850
7851
7856
7857
7861
7864
7866
7868
7872
7874
7876
7877
7879
7881
7882
7885
7887
7888
7889
7891
7893
7894
7897
7898
7900
7901
7906
7908
7909
7914
7918
7919
7925
7926
7929
7930
7931
7932
7935
7936
7940
7941
7944
7947
7948
7949
7950
7951
7954
7957
7962
7969
7972
7973
7975
7977
7978
7981
7984
7991
7993
7998
8000
8003
8007
8008
8009
8010
8012
8016
8017
8019
8022
8023
8024
8025
8027
8029
8030
8031
8036
8037
8043
8044
8045
8046
8048
8049
8050
8051
8056
8058
8060
8063
8065
8067
8069
8072
8074
8078
8081
8082
8087
8089
8091
8092
8093
8094
8095
8096
8101
8103
8105
8107
8114
8127
8135
8136
8137
8138
8140
8149
8150
8151
8152
8157
8159
8161
8164
8165
8167
8168
8170
8172
8174
8177
8179
8181
8186
8187
8190
8191
8194
8195
8206
8207
8208
8209
8218
8222
8226
8228
8231
8237
8238
8241
8242
8244
8245
8248
8252
8253
8258
8259
8260
8265
8269
8286
8288
8295
8297
8298
8311
8313
8314
8316
8317
8318
8321
8327
8331
8339
8341
8342
8343
8346
8348
8358
8359
8360
8367
8370
8380
8382
8383
8385
8393
8394
8396
8401
8407
8408
8413
8418
8430
8433
8435
8438
8439
8440
8452
8457
8459
8470
8471
8472
8473
8474
8475
8476
8477
8480
8481
8482
8485
8486
8487
8498
8499
8503
8506
8512
8513
8516
8525
8530
8534
8535
8536
8537
8538
8540
8549
8550
8554
8556
8557
8561
8562
8565
8569
8570
8579
8580
8581
8583
8587
8590
8592
8594
8607
8608
8609
8611
8615
8617
8618
8624
8628
8635
8638
8643
8645
8646
8650
8651
8654
8663
8665
8668
8671
8673
8675
8680
8681
8682
8686
8688
8691
8696
8697
8698
8701
8702
8706
8707
8708
8716
8720
8721
8722
8729
8734
8735
8739
8740
8743
8750
8752
8755
8761
8766
8772
8774
8775
8779
8780
8781
8785
8793
8796
8799
8800
8803
8804
8809
8811
8829
8830
8833
8852
8855
8862
8872
8875
8877
8878
8882
8886
8891
8894
8896
8897
8902
8914
8916
8917
8920
8922
8925
8935
8939
8944
8951
8953
8955
8956
8958
8991
8993
8996
9002
9007
9019
9020
9027
9040
9041
9046
9055
9056
9068
9070
9077
9087
9097
9101
9104
9110
9111
9112
9118
9120
9128
9134
9135
9136
9137
9142
9143
9146
9148
9154
9164
9176
9177
9181
9192
9206
9210
9211
9218
9229
9240
9243
9257
9262
9285
9289
9300
9303
9315
9318
9329
9337
9338
9343
9345
9347
9350
9353
9360
9366
9379
9383
9397
9415
9419
9420
9421
9428
9437
9442
9447
9458
9459
9462
9463
9477
9486
9487
9491
9492
9502
9504
9513
9514
9515
9516
9523
9524
9528
9531
9534
9535
9536
9538
9539
9550
9555
9557
9559
9560
9561
9562
9577
9579
9580
9581
9604
9609
9625
9628
9634
9642
9646
9664
9672
9674
9684
9688
9689
9691
9693
9694
9696
9697
9699
9700
9702
9704
9707
9711
9713
9721
9724
9732
9733
9735
9739
9740
9743
9744
9752
9755
9760
9765
9767
9770
9784
9786
9794
9796
9797
9806
9815
9816
9819
9833
9834
9850
9851
9852
9856
9863
9865
9875
9885
9890
9894
9897
9902
9903
9906
9907
9909
9912
9915
9916
9921
9923
9925
9928
9933
9934
9935
9937
9939
9952
9953
9956
9957
9963
9965
9966
9967
9968
9976
9983
9987
9994
10024
10026
10028
10035
10036
10040
10043
10044
10053
10055
10056
10058
10061
10062
10063
10066
10068
10073
10077
10078
10081
10082
10091
10096
10098
10104
10107
10108
10132
10134
10144
10196
10209
10254
10255
10259
10275
10277
10289
10290
10306
10311
10312
10316
10331
10336
10369
10370
10378
10392
10395
10401
10402
10413
10428
10443
10452
10471
10476
10477
10485
10488
10491
10496
10497
10499
10506
10509
10527
10531
10540
10547
10562
10564
10565
10566
10569
10577
10581
10586
10590
10591
10602
10611
10612
10626
10627
10632
10634
10640
10642
10648
10649
10652
10657
10658
10664
10666
10668
10681
10700
10703
10705
10715
10716
10717
10719
10724
10726
10727
10728
10729
10730
10731
10736
10744
10748
10759
10777
10780
10781
10791
10792
10793
10795
10796
10800
10804
10808
10813
10814
10820
10822
10827
10833
10835
10837
10838
10843
10845
10852
10858
10865
10866
10868
10869
10893
10896
10900
10902
10903
10912
10918
10919
10923
10924
10928
10930
10934
10935
10937
10939
10940
10944
10957
10960
10963
10968
10969
10973
10977
10980
10981
10982
10987
10988
10995
10997
10999
11001
11004
11005
11010
11013
11014
11022
11023
11024
11025
11026
11035
11036
11041
11042
11052
11055
11058
11059
11060
11063
11077
11083
11094
11095
11096
11104
11111
11113
11115
11116
11117
11119
11120
11121
11122
11123
11124
11128
11130
11149
11152
11158
11166
11168
11172
11175
11176
11177
11181
11184
11186
11187
11195
11196
11197
11198
11201
11202
11203
11208
11211
11212
11216
11218
11219
11221
11222
11227
11231
11240
11242
11245
11248
11251
11257
11273
11274
11275
11279
11284
11288
11296
11301
11307
11315
11318
11326
11328
11332
11337
11349
11350
11351
11355
11357
11361
11365
11369
11374
11375
11376
11379
11382
11387
11392
11396
11398
11399
11400
11401
11405
11407
11415
11418
11425
11429
11430
11431
11433
11438
11440
11441
11443
11445
11447
11449
11451
11453
11454
11455
11458
11460
11466
11469
11470
11471
11487
11488
11490
11495
11502
11505
11506
11509
11513
11514
11515
11519
11521
11524
11525
11526
11528
11536
11543
11545
11546
11549
11550
11551
11553
11556
11561
11572
11574
11577
11578
11580
11582
11583
11586
11589
11590
11593
11607
11608
11613
11616
11617
11618
11621
11624
11626
11631
11638
11641
11643
11646
11649
11650
11652
11707
11713
11714
11719
11727
11731
11734
11735
11736
11739
11744
11754
11759
11762
11763
11766
11773
11777
11778
11779
11781
11784
11785
11787
11791
11803
11805
11806
11807
11811
11813
11815
11817
11818
11822
11824
11831
11835
11838
11857
11868
11869
11874
11883
11885
11895
11897
11900
11910
11912
11914
11915
11916
11917
11918
11919
11926
11928
11929
11934
11937
11938
11940
11942
11954
11958
11962
11965
11966
11968
11976
11977
11980
11981
11987
11989
11990
11994
11997
11998
12000
12001
12002
12003
12005
12011
12018
12019
12023
12027
12047
12048
12050
12052
12053
12054
12055
12056
12058
12064
12074
12075
12081
12085
12090
12094
12096
12098
12111
12119
12126
12131
12132
12134
12135
12137
12143
12144
12147
12148
12160
12161
12167
12168
12170
12171
12175
12184
12186
12189
12195
12200
12201
12209
12219
12221
12223
12224
12225
12229
12232
12236
12238
12245
12251
12254
12255
12256
12262
12264
12265
12268
12275
12276
12277
12283
12285
12289
12303
12314
12318
12319
12336
12353
12354
12356
12357
12359
12364
12368
12377
12380
12384
12389
12392
12394
12397
12400
12406
12408
12409
12421
12430
12431
12434
12437
12450
12453
12455
12461
12462
12464
12469
12470
12473
12475
12478
12485
12489
12496
12498
12500
12503
12507
12509
12511
12514
12526
12531
12534
12539
12541
12543
12550
12554
12555
12556
12559
12561
12564
12566
12568
12581
12583
12589
12596
12600
12602
12603
12606
12628
12629
12631
12634
12637
12647
12650
12653
12656
12659
12662
12664
12665
12667
12673
12674
12675
12676
12679
12680
12683
12685
12686
12689
12691
12692
12699
12701
12703
12705
12706
12718
12726
12727
12729
12736
12738
12740
12741
12748
12750
12755
12761
12763
12764
12767
12768
12769
12771
12774
12779
12785
12786
12793
12797
12798
12802
12805
12807
12811
12812
12813
12817
12829
12833
12834
12835
12844
12845
12848
12854
12856
12865
12866
12871
12873
12880
12886
12887
12893
12895
12896
12899
12906
12920
12922
12929
12930
12940
12941
12949
12950
12951
12961
12973
12976
12993
12996
12998
13000
13004
13005
13006
13016
13018
13025
13026
13027
13041
13049
13057
13077
13079
13080
13083
13087
13088
13096
13101
13104
13111
13116
13118
13121
13124
13125
13128
13131
13134
13136
13138
13141
13143
13154
13155
13159
13163
13166
13169
13174
13175
13179
13195
13204
13211
13214
13215
13222
13223
13224
13225
13226
13229
13236
13239
13241
13242
13248
13251
13252
13256
13259
13260
13262
13273
13275
13276
13277
13278
13284
13286
13290
13304
13315
13316
13318
13319
13325
13328
13332
13335
13338
13339
13354
13359
13366
13367
13383
13385
13386
13391
13392
13403
13407
13412
13416
13423
13429
13440
13448
13450
13458
13460
13461
13466
13473
13474
13477
13479
13490
13509
13514
13517
13518
13520
13530
13531
13534
13537
13538
13554
13556
13564
13578
13580
13582
13583
13585
13586
13591
13599
13605
13612
13620
13627
13630
13639
13644
13647
13648
13668
13672
13675
13680
13686
13690
13714
13722
13729
13737
13738
13740
13742
13744
13745
13747
13748
13751
13770
13775
13776
13791
13794
13795
13798
13800
13809
13810
13814
13816
13827
13830
13834
13840
13844
13859
13863
13864
13868
13869
13870
13883
13885
13898
13900
13917
13937
13938
13948
13955
13959
13960
13980
13983
13993
13997
14012
14018
14025
14031
14034
14044
14050
14051
14052
14057
14067
14072
14075
14079
14080
14085
14094
14103
14107
14125
14130
14134
14156
14159
14164
14165
14166
14167
14170
14171
14172
14173
14174
14176
14177
14179
14190
14191
14200
14208
14212
14214
14216
14225
14238
14239
14240
14245
14248
14250
14258
14260
14261
14262
14265
14271
14274
14279
14282
14285
14293
14307
14309
14317
14327
14334
14339
14345
14347
14350
14352
14354
14363
14365
14366
14369
14371
14372
14373
14374
14385
14386
14387
14388
14389
14404
14411
14412
14413
14415
14422
14430
14433
14436
14437
14439
14442
14445
14449
14451
14452
14453
14455
14462
14471
14473
14476
14481
14486
14490
14495
14496
14497
14504
14505
14506
14510
14511
14516
14520
14525
14543
14545
14553
14554
14571
14589
14591
14599
14606
14607
14621
14624
14628
14633
14634
14640
14654
14655
14658
14662
14669
14685
14689
14700
14705
14712
14733
14748
14749
14750
14764
14793
14799
14810
14811
14846
14859
14891
14897
14898
14903
14911
14925
14931
14932
14938
14951
14964
14965
14974
14977
14985
14989
